5
5
39 40 43 55 28 42
6 15 36 43 12 56
38 57 3 15 17 36
3 15 36 60 21 52
24 45 23 34 27 39
10
1 44 6 39 34 43
9 22 28 39 9 48
20 26 8 16 19 61
14 33 16 54 17 22
17 59 47 58 42 51
19 61 7 28 32 38
2 7 5 57 7 35
37 52 21 52 6 60
47 52 26 28 17 29
28 49 43 54 9 61
30
0 1 0 2 1 10
2 2 10 10 11 13
8 8 11 14 2 11
10 10 5 7 13 14
7 9 8 11 3 12
9 13 0 4 0 4
9 14 1 11 0 8
4 10 8 10 1 9
12 12 7 14 5 12
1 8 1 14 9 10
1 12 11 11 10 13
10 11 4 13 2 8
12 13 4 8 10 12
3 14 5 7 9 10
0 2 1 5 4 11
3 4 1 2 11 12
1 13 11 13 1 9
0 3 3 11 7 8
1 12 7 9 4 7
6 9 0 10 1 12
4 14 14 14 0 13
4 14 6 8 1 9
3 10 1 9 0 6
0 12 2 4 6 14
10 14 7 14 8 9
0 1 0 14 14 14
9 10 0 12 3 9
6 8 3 6 8 10
3 4 2 10 0 5
11 14 4 6 1 11
50
7 12 10 14 1 6
4 5 11 11 2 11
0 9 12 14 6 12
3 9 9 11 6 8
12 12 9 9 3 12
3 5 8 8 0 4
11 13 2 12 2 6
3 5 4 9 8 12
1 13 3 5 3 11
6 11 7 11 2 6
2 14 0 10 6 11
6 9 2 4 6 11
1 7 8 12 1 3
0 3 12 14 5 6
6 8 4 5 1 10
2 13 12 14 3 13
10 11 4 6 1 8
2 4 7 13 3 7
7 13 5 11 1 2
13 14 4 5 10 13
3 14 1 6 9 12
3 4 2 6 7 12
5 14 2 11 9 10
5 11 7 12 6 8
2 4 7 11 9 9
0 2 8 13 7 11
0 14 8 14 5 6
0 4 0 4 1 13
1 3 3 7 4 14
7 10 3 13 1 6
3 10 2 11 12 12
0 13 8 14 4 5
0 3 8 11 1 12
2 6 0 6 6 13
3 4 6 11 12 13
3 12 7 8 8 10
6 11 8 13 1 8
3 7 0 2 11 11
0 1 2 8 7 14
9 12 0 5 3 7
2 10 1 12 2 7
4 9 1 7 11 13
7 14 12 13 2 14
5 10 4 11 3 14
2 8 8 11 4 7
1 3 10 11 2 14
0 11 8 8 0 8
9 10 5 7 2 4
0 2 1 10 4 9
10 12 5 14 4 7
100
53 53 4 21 0 40
7 50 15 56 31 58
40 59 5 27 1 24
7 41 7 22 1 29
7 58 40 42 6 57
38 53 50 50 0 56
16 21 46 50 11 56
46 48 1 62 46 57
30 47 12 18 25 48
33 54 42 43 4 8
8 19 5 17 45 55
8 39 19 45 41 56
19 26 34 55 1 42
52 55 7 19 21 25
46 59 3 48 4 22
1 8 38 53 8 19
3 43 7 61 12 14
23 27 28 43 1 58
35 58 1 29 9 10
25 53 56 56 20 26
2 2 39 56 6 19
46 51 22 38 1 2
9 62 4 60 3 14
46 52 22 55 19 43
3 58 50 58 51 56
41 58 54 62 42 51
8 20 15 58 17 44
39 59 6 34 37 39
4 37 15 27 15 17
6 36 16 61 17 43
12 58 11 42 9 37
7 56 27 57 46 49
21 25 25 56 26 40
26 46 10 35 13 55
17 23 15 25 7 41
49 51 21 24 46 47
0 50 32 55 52 53
28 43 5 33 5 19
15 55 4 43 29 40
18 44 3 45 54 61
20 31 3 24 26 54
18 30 25 35 59 60
1 59 33 53 8 56
54 59 43 44 7 15
14 30 5 48 13 41
38 44 26 62 9 58
31 54 7 31 35 47
4 53 3 4 1 38
45 46 2 50 6 25
36 46 3 39 28 37
8 38 24 59 31 56
16 46 44 50 0 10
18 40 8 18 29 32
8 19 22 52 34 40
21 58 19 56 16 55
14 18 37 59 18 50
6 15 12 26 4 16
12 59 4 6 28 37
33 59 15 27 16 35
9 28 36 36 48 61
6 55 4 16 1 55
25 26 16 31 47 62
12 42 3 5 8 60
22 60 2 46 15 53
11 29 32 45 4 62
9 27 27 55 28 34
32 54 48 55 34 47
34 62 24 30 25 59
23 61 42 59 20 38
26 62 2 12 35 58
19 48 6 17 57 60
3 6 50 50 8 20
14 37 5 47 4 49
10 34 12 55 38 55
36 45 37 58 10 57
20 39 2 28 24 53
32 47 15 59 20 24
48 49 20 53 9 51
21 38 15 28 27 39
33 58 44 49 30 50
42 56 45 50 0 55
51 61 6 11 9 60
8 19 5 33 5 29
14 33 3 17 15 57
2 50 36 51 47 58
26 53 0 47 33 58
23 49 9 62 26 27
4 60 6 46 13 45
24 25 24 43 24 51
19 48 1 47 1 23
5 10 15 26 8 54
4 25 30 55 19 36
5 57 10 32 19 50
27 35 29 32 52 52
1 7 10 45 31 57
28 46 11 47 40 62
12 57 52 62 3 47
1 22 27 53 32 54
7 19 11 60 16 18
5 49 48 62 21 43
